7.369401931762695
7.111013650894165
7.3188817501068115
7.130590438842773
7.102048397064209
7.353315114974976
7.157663583755493
6.997840404510498
7.152341842651367
6.942532062530518
7.037184715270996
6.997685670852661
7.048055410385132
7.149275064468384
7.088091135025024
7.07332706451416
7.134302377700806
7.047619104385376
7.099436044692993
7.030320644378662
7.170529842376709
7.159446954727173
7.219299077987671
7.158663511276245
7.089649438858032
7.264582395553589
7.110916376113892
7.279186725616455
7.341497898101807
7.531530380249023
7.029839038848877
6.696824550628662
