0.8173673152923584
0.8072268962860107
0.8316161632537842
0.8333919048309326
0.8321433067321777
0.8239526748657227
0.831550121307373
0.8328890800476074
0.8315589427947998
0.8493454456329346
0.8219811916351318
0.8380305767059326
0.8520853519439697
0.8271286487579346
0.838876485824585
0.8339517116546631
0.856220006942749
0.8420994281768799
0.832421064376831
0.8357722759246826
0.8544061183929443
0.8371453285217285
0.839979887008667
0.8347532749176025
0.8286950588226318
0.8283164501190186
0.8187730312347412
0.8231155872344971
0.8362903594970703
0.836646556854248
0.9894192218780518
0.9996564388275146
0.8500168323516846
