1.3212134838104248
1.320347785949707
1.3130159378051758
1.3042669296264648
1.323563814163208
1.3188018798828125
1.331383228302002
1.3261394500732422
1.3089778423309326
1.300832748413086
1.3328776359558105
1.3035879135131836
1.3184685707092285
1.3374199867248535
1.3065993785858154
1.32436203956604
1.3296680450439453
1.3094773292541504
1.3268201351165771
1.3426263332366943
1.307344913482666
1.3159239292144775
1.3379292488098145
1.314068078994751
1.3422634601593018
1.3963334560394287
1.3120143413543701
1.349595546722412
1.3454277515411377
1.3128466606140137
1.4151544570922852
1.3400852680206299
0.6202075481414795
1.4138963222503662
